[physics]
gravity_y = -9.8100004196167
dt = 0.008333333767950535
ground_half_width = 5000.0
ground_friction = 1.350000023841858
ground_restitution = 0.0

[robot]
suspend_clearance = 1.2849290370941162

[robot.torso]
length = 0.6800000071525574
width = 0.09000000357627869
mass = 0.3182400166988373
friction = 1.0

[robot.thigh]
length = 0.46000000834465027
width = 0.09000000357627869
mass = 0.14076001942157745
friction = 1.0

[robot.shin]
length = 0.5
width = 0.09000000357627869
mass = 0.12600000202655792
friction = 1.2000000476837158

[robot.body_dynamics]
angular_damping = 0.8500000238418579
linear_damping = 0.07999999821186066

[robot.initial_pose.torso]
x = 0.0
y = 1.1200000047683716
angle = 0.0

[robot.initial_pose.left_thigh]
x = 0.08661922812461853
y = 0.5669340491294861
angle = 0.3861275017261505

[robot.initial_pose.left_shin]
x = -0.003380774287506938
y = 0.17693403363227844
angle = -0.7845121622085571

[robot.initial_pose.right_thigh]
x = -0.08661922812461853
y = 0.5669340491294861
angle = -0.3861275017261505

[robot.initial_pose.right_shin]
x = 0.003380774287506938
y = 0.17693403363227844
angle = 0.7845121622085571

[servo]
kp = 20.0
ki = 3.1205673217773438
kd = 0.326241135597229
max_torque = 18.148937225341797
integral_limit = 10.0

[servo.zero_offsets]
right_hip = -0.3861275017261505
right_knee = 1.1706396341323853
left_hip = 0.3861275017261505
left_knee = -1.1706396341323853

[servo.initial_targets]
right_hip = -0.3861275017261505
right_knee = 1.1706396341323853
left_hip = 0.3861275017261505
left_knee = -1.1706396341323853

[rl]
control_substeps = 4
episode_timeout_s = 20.0
torso_min_height = 0.3
torso_max_tilt_rad = 1.25
action_limit_deg = 180.0
reward_forward_weight = 2.0
reward_alive_bonus = 0.02
reward_upright_weight = 0.15
reward_height_weight = 0.1
reward_contact_weight = 0.03
reward_ball_forward_weight = 3.0
penalty_torque_weight = 0.0025
penalty_action_delta_weight = 0.0015
